,Cause of Death,WLD,JPN,CHE,ESP,SGP,FRA,AUS,CAN,ITA,KOR,NOR,LUX,ISL,SWE,ISR,NZL,AUT,NLD,IRL,PRT,MLT,FIN,GBR,DNK,BEL,GRC,DEU,SVN,CYP,CRI,CHL,CZE,BHR,CUB,USA,MDV,HRV,QAT,PAN,EST,POL,SVK,BIH,ARE,URY,OMN,ARG,MNE,MEX,ECU,BRN,CHN,TUR,ALB,DZA,VNM,SRB,LBN,TUN,JAM,HUN,MAR,PER,MKD,IRN,BHS,LCA,BRB,NIC,THA,LKA,MYS,ROU,HND,BRA,COL,WSM,LTU,ATG,LVA,BGR,ARM,MUS,KWT,SAU,JOR,PRY,BLR,VEN,SLV,DOM,TON,GRD,SYC,GTM,CPV,AZE,BGD,GEO,UKR,UZB,VUT,VCT,PRK,LBY,RUS,TTO,SUR,BOL,MDA,KGZ,KAZ,SLB,TJK,BTN,EGY,BLZ,NPL,FJI,IRQ,MNG,FSM,KHM,PHL,IDN,IND,STP,TLS,TKM,RWA,MMR,SEN,KEN,PAK,GAB,GUY,KIR,MDG,BWA,PNG,LAO,ETH,YEM,SDN,ERI,COG,MWI,MRT,TZA,COM,DJI,SYR,NAM,ZAF,HTI,GHA,LBR,AFG,AGO,UGA,ZMB,GMB,ZWE,BEN,TGO,COD,BFA,MOZ,BDI,NER,GNQ,SSD,CMR,MLI,SWZ,SOM,NGA,CIV,TCD,SLE,CAF,LSO
0,Coronary Heart Disease,8727670,155766,11436,53101,4901,62890,23153,37876,108924,25047,6106,599,440,17223,5045,5719,19309,18685,5231,12284,950,11009,75426,5410,15206,30439,184456,4042,1595,3758,11770,33637,703,19504,479223,255,14472,526,2707,5532,105478,14112,8550,3733,4194,2359,60064,1533,94712,8341,217,1597170,81029,5526,33777,58452,19962,12461,11861,2045,38113,34438,19965,3709,89116,352,146,362,4185,63151,28554,30598,85608,5500,164557,41334,180,16133,81,9688,33984,9112,1699,2714,23624,5248,5058,60337,31427,6307,11460,94,139,111,8290,424,25042,112791,16302,346205,63223,203,147,30572,7443,697121,2436,571,7866,17528,13398,29831,402,10435,802,126312,220,30559,1150,32582,4175,103,12510,122950,259738,1446853,74,822,13169,3512,30295,6331,7771,265051,1079,1090,69,8600,1147,5973,5769,46943,31988,43397,1718,2196,5986,2148,19082,289,428,26377,1281,40729,10637,18607,1956,30077,10783,8428,5182,906,4759,6380,3927,24108,9895,9384,3163,7666,486,4083,12159,8394,732,2841,76410,16622,5921,4464,2685,1339
1,Stroke,6221072,130159,3661,28192,1806,34220,10516,12693,62431,28533,2838,261,143,6410,2482,2543,5121,10019,1910,12735,293,4322,37724,3287,7155,19142,57039,2008,589,1546,9514,9704,183,9126,131954,108,7514,172,1631,1042,44754,4819,7220,1699,2718,811,24604,1728,34107,5016,120,2098609,43886,4675,22917,98253,13926,3288,10787,2474,12313,21513,10241,4065,42356,186,162,335,2095,55319,16198,15642,44547,2674,107977,16244,102,5822,44,5084,21716,3461,773,890,11409,2854,3876,19686,13185,1856,6150,56,87,53,4118,487,8809,128190,10352,103575,16641,148,93,49241,3417,403580,1168,572,5528,6638,5012,14871,322,5347,355,56710,140,15450,487,14315,3385,65,10318,87402,332663,694258,93,688,5737,3749,60755,6999,11976,109165,1141,711,93,12326,1023,4970,4273,39571,18029,27222,2295,2223,5080,1966,17195,373,464,11025,996,32958,9349,19734,1979,18204,12829,12147,3939,925,4923,6328,4044,33913,5898,13221,4255,8064,439,4829,14056,8915,662,3923,83379,17644,7044,4757,3899,1258
2,Influenza and Pneumonia,3177204,145866,1865,11240,5340,21096,4151,6391,13823,16514,1979,127,66,3589,2387,863,853,5350,1186,8136,184,344,32120,2152,6141,3157,23385,749,148,704,4951,3269,105,6049,80463,45,631,67,938,250,11872,1869,471,413,1590,744,29797,63,21511,5590,66,217062,10829,410,9948,20007,1278,499,3586,568,1123,10399,24623,123,11173,105,65,296,1251,60321,5284,16215,7122,1042,85933,8958,56,615,29,438,1800,356,305,607,6768,1105,1790,653,6231,2579,2317,41,82,67,8091,310,1796,30354,600,5292,7343,82,55,5736,1343,52147,383,177,7306,1061,778,4698,204,3828,276,22104,110,10535,288,8218,439,40,6131,75970,56627,648220,121,886,1666,6695,20954,9278,26947,83856,1345,306,58,14584,1154,4846,3930,68854,10500,24010,3436,2873,11835,3769,39020,723,659,2789,1571,35331,8040,24674,3891,23770,45062,28384,11454,1868,11569,12210,7250,84332,17647,22235,11436,27892,936,14256,25344,14855,933,19694,305460,32690,28374,10315,6957,1896
3,Lung Disease,3162054,51264,2813,18355,647,19640,8180,13408,29595,8739,2606,206,109,3917,1748,1763,3339,9472,1862,3677,114,1264,32295,3957,6746,6153,43056,570,332,1059,3667,4254,83,4565,181735,61,2137,36,912,261,11593,1051,1304,520,2015,184,16731,183,29025,3314,76,1011931,26367,520,2664,22015,3973,1011,2591,504,5504,2904,4757,685,9709,25,50,47,922,22808,4813,5037,7343,1070,53466,14996,36,752,11,352,3186,1026,440,113,1586,533,959,1506,5390,863,1008,26,20,19,2113,64,1746,68462,1639,9086,2132,53,19,28017,835,34033,218,64,1610,935,1370,18111,124,1392,373,13206,75,19274,105,1261,229,22,2837,26151,61796,896779,48,217,584,1157,22622,1309,3272,56666,292,126,15,3317,440,1435,1246,8017,4183,6747,493,625,1617,338,3994,87,89,1159,474,15479,1708,2578,313,4406,3551,2859,1202,190,1436,1273,799,10391,1259,2200,1149,1681,154,1268,2524,2731,302,778,14311,3359,1159,953,1016,593
4,Lung Cancers,1683893,78151,3331,22047,1874,33635,8461,20431,34444,19048,2319,234,126,3731,2028,1679,3905,10821,1866,4181,173,2264,36321,3932,6954,6315,46881,1250,404,352,3094,5339,69,5490,161533,20,2837,83,324,703,22998,2355,1822,205,1408,93,11180,349,6806,994,66,635640,24405,1149,2746,21667,5901,931,1742,430,8665,3926,2751,914,4816,35,18,37,307,20003,1364,4644,10458,330,28427,5477,7,1427,5,1015,3590,943,162,95,906,593,746,3402,4175,355,1174,23,14,15,418,5,1150,12075,1003,16080,1539,14,8,13520,716,61257,189,67,381,1026,482,3887,23,341,34,4869,28,2679,42,2285,401,12,1223,11365,34495,84904,14,166,542,98,8383,131,529,6612,69,24,11,816,49,291,516,1584,408,392,63,31,72,31,182,5,16,1855,49,7881,483,350,33,1058,183,404,113,17,250,50,50,417,170,355,81,42,21,143,185,174,21,135,961,206,72,47,40,33
5,Diabetes Mellitus,1570100,14933,1323,9664,352,12478,4484,6834,22815,13250,716,79,25,2106,2455,870,3064,2954,561,4734,103,511,6037,1437,1778,1290,24099,338,600,850,4367,3775,482,2371,79936,31,1674,315,1336,147,7006,924,2281,756,880,883,10371,151,93786,6607,150,165989,18828,137,10859,20462,3033,1972,7965,2577,2695,20285,5269,942,9270,128,119,288,1699,25929,11089,4268,2527,801,63956,8460,115,328,48,516,1947,1215,2546,371,2273,1874,2284,242,14193,1979,2271,77,102,19,6940,122,1599,40142,1144,2514,5636,97,91,2237,1221,10215,2009,250,1729,434,375,5379,227,704,248,21045,220,6482,1309,6382,102,54,2166,27412,104099,298243,12,127,763,1082,16597,1817,3740,43128,579,540,66,1574,752,2807,1285,13005,3359,5179,507,759,2059,888,6954,123,243,1289,615,31831,3288,5709,696,3042,5327,3043,1575,268,2783,1934,919,6268,2401,3604,1041,1860,411,1637,4630,2227,495,1019,30922,4883,2059,1341,832,697
6,Alzheimers/Dementia,1533855,31497,7141,34510,32,49233,13446,23536,36003,11573,3373,223,216,8933,2107,2090,2363,15061,2155,5078,128,8887,72375,3754,8239,9830,41032,188,269,517,3963,2978,153,4525,263916,51,1209,98,210,135,17298,1924,1927,304,1413,354,10834,267,3747,608,24,312812,37498,907,9296,16844,1745,2470,5082,208,3396,9847,6958,59,17175,32,6,103,1097,19125,4006,4766,2025,824,21095,995,23,335,5,262,3800,957,33,468,5447,1342,1162,3957,647,1630,1774,17,10,19,347,62,1557,9917,1727,2463,357,19,4,4491,1605,16776,116,101,1677,164,43,3367,36,645,80,14723,13,3689,69,3441,263,11,1326,982,31293,126731,10,124,554,667,13139,805,2526,15428,255,13,9,834,127,293,624,5986,2827,4756,181,287,1249,268,3105,49,64,3869,149,4435,1358,1701,215,2076,1256,1716,627,99,885,569,348,4461,755,1628,534,804,65,591,1282,850,56,372,7809,1129,533,266,462,124
7,Diarrhoeal diseases,1388418,2952,149,812,51,2688,262,2160,879,1023,156,6,7,257,262,90,90,576,37,200,3,27,1684,237,389,17,5964,7,32,117,426,277,3,335,10810,8,41,3,178,1,120,31,5,41,154,38,614,0,3464,431,7,9208,666,10,2124,4057,118,60,235,27,407,1429,1084,2,1452,3,3,6,315,2888,553,354,187,747,5446,758,6,17,2,4,24,14,35,8,373,121,312,13,1164,268,403,4,2,1,2470,37,444,19951,16,146,1602,34,3,715,81,499,25,16,927,6,199,377,53,1054,125,4021,9,7882,63,2524,100,8,1614,8828,66257,431178,39,308,530,3347,10775,5409,33224,58000,383,82,30,9180,474,2387,1661,54357,3312,11441,3163,1246,9093,1961,29645,490,429,915,692,12761,2866,6630,2343,12146,33240,16573,9001,763,6216,6883,3527,51222,11502,18184,9159,16180,326,13622,13953,13714,497,18103,186218,15978,19446,5879,4872,1203
8,Tuberculosis,1372855,3577,24,305,58,616,44,116,562,3406,19,1,4,27,19,15,62,38,17,231,1,43,348,20,66,92,375,16,4,55,467,57,6,47,578,20,33,7,244,31,544,26,115,39,64,21,701,3,2619,641,23,33634,732,10,3129,15252,108,62,235,11,106,3214,1980,26,1323,3,4,0,152,8346,1153,2293,1093,107,5821,1420,2,194,1,79,90,88,19,5,702,28,257,864,833,118,493,1,1,0,382,29,38,69079,153,6636,2686,18,2,15184,642,18037,31,14,361,284,655,2253,58,229,116,247,14,5252,64,952,639,14,8000,30294,98097,470641,7,1103,468,436,26067,3430,8885,43894,1044,105,27,10060,630,3008,3498,24240,1076,7945,583,2186,2304,833,28867,59,344,21,817,25264,2015,9830,3708,13325,10953,5301,4675,392,1737,1040,464,48276,1620,18880,2643,3842,61,3285,6821,1579,402,6603,175124,4947,3138,4319,2150,1189
9,Road Traffic Accidents,1339206,6006,297,1669,208,3301,1295,2100,3327,6040,173,43,12,280,261,274,489,607,189,801,23,244,1846,190,800,890,3428,135,76,719,2078,681,98,861,34908,12,391,285,420,82,3618,447,633,902,598,1122,6114,65,15008,3344,34,268127,6954,395,9416,22468,651,1129,2583,279,742,6385,4159,169,22143,43,35,16,907,21539,3554,6777,1730,1330,47068,9133,30,374,11,195,542,472,165,687,8660,1792,1551,1195,12976,1163,2928,6,7,8,3253,111,978,20660,465,4361,3043,40,16,5214,1590,24953,183,102,2501,437,1194,4090,107,1497,116,12179,77,4921,51,6476,616,2,2961,10767,39827,278383,64,208,933,3815,10527,4237,14032,27081,391,118,3,7610,475,1284,1020,27140,6130,9882,1302,1233,5884,983,17840,225,221,3636,581,11632,1642,7144,1585,4938,6110,10675,4005,606,7080,3015,2333,25899,5561,9256,3661,5648,175,3618,6560,4469,321,2906,37562,5452,3411,1842,1561,558
10,Liver Disease,1154240,17561,701,5148,189,8080,1434,3288,10288,6500,217,71,10,737,366,167,1713,897,327,1408,26,1218,7397,766,1435,1254,14820,444,75,357,2752,1939,63,1508,46942,28,981,74,342,251,8588,1505,553,285,210,227,7321,37,27552,2542,19,161377,5383,222,2207,16269,825,671,1471,65,3074,4147,7611,186,3903,21,20,24,1541,18601,4837,2286,8504,840,25344,2654,17,758,6,393,1768,722,158,205,1995,469,650,156,2805,1429,1536,10,11,21,3347,63,2717,22346,1133,459,7936,21,4,4710,749,482,135,90,4611,3022,1910,480,54,1370,176,53687,68,4848,51,1124,1111,11,2073,8401,55860,259749,46,107,2322,1708,22842,2310,5214,18451,249,154,18,2246,157,1184,902,14213,3598,5816,686,564,2079,771,7065,98,149,1349,138,5084,1957,7833,928,3804,4652,4807,1813,394,967,3051,1925,9466,3105,2287,1730,3568,163,1578,6425,3771,128,1338,48789,10196,3837,2793,940,144
11,Kidney Disease,1121214,35771,982,8605,743,8113,2594,3770,14277,6582,524,62,27,1086,1770,322,1727,2217,505,1893,54,427,4668,584,2285,2896,21156,269,220,619,2530,1254,151,1029,59823,50,852,95,631,321,5500,750,699,613,812,340,10965,101,22240,3070,27,187373,14841,333,7028,13952,2698,983,3057,335,1246,6182,7364,420,7067,61,25,65,2948,29130,4961,3478,6355,517,23864,5418,68,327,9,354,1378,290,179,328,5635,1393,1595,631,3015,3678,1827,2,17,43,3637,67,1083,15336,757,2931,5486,46,15,3988,1443,10405,281,169,3878,470,572,5722,141,667,175,20433,45,4337,367,4273,324,34,2431,22772,43041,257862,40,131,760,510,10942,1235,1508,16461,135,136,26,563,208,1623,1219,4875,4216,5905,180,220,657,428,2396,45,73,856,190,9527,2223,3150,427,4677,2234,1647,622,223,2392,1327,762,3172,1181,1598,524,1374,92,679,3561,1773,163,529,12605,4158,1598,1067,328,249
12,HIV/AIDS,1059626,38,43,785,49,454,63,323,927,134,9,4,0,15,36,11,46,35,12,511,1,4,211,24,51,257,412,2,3,179,540,8,7,339,6660,0,9,4,641,53,1106,2,3,0,201,73,2310,5,4734,1238,3,23058,363,29,124,8944,26,74,76,874,10,908,1589,2,3893,223,7,35,346,15880,128,7235,208,1072,14338,3643,0,13,12,93,100,120,101,1,0,2,769,1200,2664,436,3144,0,1,3,1221,91,337,864,205,9823,393,0,22,47,0,38219,259,146,766,91,156,276,0,808,98,332,129,2280,14,0,4,0,2052,88,35027,67170,48,5,0,3006,9652,2064,29911,3570,1376,212,0,3176,4002,872,402,20425,338,2985,520,4449,36329,986,35234,45,573,30,3356,138157,3577,10114,1902,348,12434,34346,21672,1007,33197,2161,5700,20526,3354,41317,3115,3531,1070,11948,33277,5984,3356,2074,168900,20429,10135,2492,8044,10313
13,Low Birth Weight,1056984,238,97,374,24,595,226,494,444,514,30,3,3,57,149,87,68,160,60,65,6,27,1159,72,85,166,712,22,9,183,503,85,30,108,6687,16,26,61,237,4,652,125,53,184,88,205,2443,10,6295,1511,14,33151,4947,129,5324,7936,259,228,751,179,201,4591,2054,62,4712,20,13,8,473,2217,667,909,451,651,9900,2502,19,27,3,19,162,135,51,167,2328,1042,645,118,2197,361,1814,8,5,5,1802,56,1763,23582,179,1065,5269,34,11,2031,363,4474,93,50,1762,130,652,961,67,1889,91,15761,24,3981,71,8339,282,17,1685,11041,27846,329864,40,289,1042,2070,9163,3867,9671,101682,451,126,24,5073,536,1820,1602,23091,6354,12202,824,1130,5251,2144,11513,371,283,1125,530,5119,2353,8224,1212,13733,21166,9831,4217,825,5433,4777,2248,38204,6781,10036,4758,9370,346,4621,7394,9170,247,4954,87318,10958,8360,2834,2275,809
14,Hypertension,938129,4234,1681,6562,633,5062,1227,1467,16354,3626,276,30,19,1467,528,208,2389,917,188,1377,15,781,3359,512,608,2019,20240,423,168,488,3055,1732,25,1801,39414,10,1092,9,341,562,4008,791,316,143,437,75,5846,26,8597,3462,8,280611,11207,119,4224,8634,2675,442,822,717,3496,3242,909,528,16415,116,48,71,572,2872,2271,585,8703,634,19705,4648,21,385,26,568,5552,632,268,304,538,1311,672,871,3793,528,1291,6,26,63,736,26,590,9422,2441,4521,10222,24,34,5653,374,13131,309,84,329,1184,327,1065,52,597,75,8835,59,2925,162,1993,153,12,1353,14751,25868,160001,4,89,605,1386,10202,708,3728,16235,278,225,5,3792,301,719,595,11050,1723,2990,578,513,2099,188,5601,107,118,511,294,10994,2128,2602,213,1832,2927,4122,1273,97,598,645,445,9405,1734,3786,1436,886,116,1466,1536,987,193,995,10864,1722,732,555,880,412
15,Suicide,783407,24871,1255,3917,555,10867,2819,4407,4724,16078,570,63,43,1502,443,570,1402,2021,550,1413,25,894,5500,694,2321,471,10816,442,54,370,1779,1442,90,1600,45986,31,740,143,216,248,8597,680,228,261,583,250,6166,69,6299,1207,5,138622,6861,124,1225,6910,1506,182,614,40,2126,1644,1825,167,2836,7,13,1,577,10863,7319,1752,2290,287,13065,2954,11,942,0,427,1139,162,119,154,1057,244,680,2162,924,678,720,4,1,9,401,44,319,8879,267,9024,2793,15,3,3981,347,28814,198,145,2010,601,439,4855,46,338,91,2368,26,1709,76,1109,836,12,1857,3400,7355,206278,4,84,539,992,2323,918,3004,3914,189,222,16,1126,220,787,837,8348,2204,4109,352,443,947,240,3735,59,76,495,188,5854,1200,1896,284,1796,5124,2791,1038,124,1641,1017,696,7577,1671,2341,899,822,191,784,2787,1011,189,578,18095,4104,1228,990,851,221
16,Liver Cancer,777816,32389,718,5187,798,8985,1644,2403,10101,12373,235,52,23,712,356,227,931,986,273,1114,24,493,4925,449,926,1474,7958,259,83,322,1214,828,13,766,24566,7,497,53,166,93,2139,430,494,87,134,71,2145,69,6057,928,23,396791,2402,263,457,27249,833,125,121,82,845,347,1811,222,1563,17,6,16,459,20565,715,1904,3088,594,10312,2282,5,217,3,142,890,285,48,71,802,170,174,408,1110,458,893,20,6,5,1477,57,479,2926,418,2293,981,28,7,5076,226,11062,53,36,287,503,333,1052,42,279,28,17605,21,206,62,693,1634,6,2314,8010,18357,28552,2,43,265,833,4915,811,1217,4458,55,23,11,511,40,559,2156,1040,369,985,88,245,224,309,649,20,21,552,30,2217,469,2140,401,793,546,1406,239,241,490,621,468,3912,1386,644,294,563,28,420,763,415,72,192,12765,2257,469,541,181,74
17,Colon-Rectum Cancers,767280,54432,1945,17271,1307,20798,5847,9463,21743,9555,1773,137,76,3133,1522,1347,2506,5782,1116,4386,125,1315,18801,2138,3456,2643,28951,834,195,609,2559,3907,31,2566,60418,11,2187,67,366,491,11446,2272,798,149,1167,105,8502,167,5689,977,51,148964,8439,202,2298,5162,3195,497,790,344,5265,1889,1982,467,4691,56,26,117,269,7886,446,2594,6533,268,19689,4171,7,1124,13,808,2790,356,141,103,1311,666,456,2796,2139,365,701,6,20,16,381,16,446,3402,349,13955,788,10,14,4123,433,47638,234,60,486,940,264,2346,21,197,20,2808,20,627,37,1015,97,6,713,7550,20531,53394,9,67,256,270,3181,258,1523,4485,45,37,5,900,37,277,300,3456,482,927,159,119,239,73,1111,13,32,1534,55,3930,411,502,65,824,405,889,274,12,393,217,133,1781,219,170,287,415,21,377,352,460,17,337,3648,560,263,94,111,27
18,Stomach Cancer,749806,54504,603,6207,473,5605,1325,2204,11385,11054,355,45,20,635,549,308,1021,1443,342,2647,46,483,5347,460,917,1346,10956,367,96,844,3659,1135,23,929,13025,9,851,36,406,319,4983,751,485,101,530,85,3322,77,6309,2466,20,326453,9796,744,1673,13318,1207,239,434,239,1703,1152,3823,378,8850,23,24,26,469,2534,1148,946,3583,832,17796,6837,12,772,5,523,1334,380,91,28,491,220,321,2370,2455,928,655,11,6,5,1794,16,1116,6125,563,9429,2054,7,15,3451,151,37527,69,24,554,514,769,2838,8,802,93,1666,12,1217,20,903,523,5,508,2046,5658,61372,14,15,631,547,4778,415,1857,3823,27,16,6,580,9,256,95,1545,444,382,64,67,191,78,831,5,16,746,24,1794,540,487,82,1853,365,726,266,12,428,141,311,2028,271,98,209,195,13,317,294,701,16,294,1983,577,135,107,67,16
19,Birth Trauma,690870,136,30,156,6,341,119,169,127,90,16,1,0,40,27,26,19,68,16,22,1,12,191,15,48,26,173,4,3,50,79,33,4,50,1118,6,12,18,104,5,105,20,17,59,34,75,371,12,2323,525,7,25919,978,46,3317,2659,77,79,329,62,37,2845,773,9,2588,6,5,6,205,672,250,340,79,257,4866,685,6,12,2,38,62,49,10,12,761,301,220,40,775,140,1025,3,3,2,1651,23,988,17799,62,327,3586,14,3,1095,140,1364,36,23,1369,66,498,681,56,1562,50,7022,11,3039,27,5372,200,12,1332,7403,17780,137726,31,380,734,1902,6590,3380,11387,55890,324,84,21,5077,304,1534,1659,28958,4674,12048,981,816,4105,1079,12866,235,199,494,307,2980,1996,7753,1126,10342,18359,9670,4679,767,4092,3497,2197,30270,5464,8841,4441,8118,302,6428,7686,8653,172,7555,81448,9206,8587,2429,2503,652
20,Other Injuries,673501,18918,392,4486,38,12447,1675,2468,10217,4183,803,92,35,1338,737,188,1384,1404,201,1081,10,347,4698,361,1986,558,6297,202,147,538,1098,2169,41,1715,20113,17,266,84,154,90,2378,384,371,423,783,139,4400,39,13701,2627,15,45721,3235,80,2382,6065,414,161,625,364,517,1864,3538,148,3046,35,22,68,375,6541,1900,1855,1654,257,13757,2209,10,356,12,208,406,177,108,112,1532,349,578,1810,1888,416,897,14,12,6,3881,33,495,5146,294,6411,2599,14,5,1438,1251,25955,129,60,1702,531,434,1976,43,579,66,3971,27,1927,63,1812,133,8,1191,5419,17675,130822,14,110,527,1616,6182,1617,4783,35350,152,144,13,2071,109,1017,721,13143,2544,6018,596,401,1599,547,6928,100,116,773,141,3235,1608,4543,619,12476,5964,5234,1990,336,1911,1977,1225,11821,3529,4367,2396,3471,155,2089,4642,3258,118,2952,39645,6641,4157,1937,1050,165
21,Congenital Anomalies,646027,2400,287,960,91,1917,659,1102,1443,590,145,8,7,250,320,183,270,508,180,190,16,178,1982,149,303,290,1820,31,29,294,1009,184,66,407,11008,25,97,82,384,27,1082,184,80,245,220,306,3321,5,9937,1788,27,44671,8041,189,4585,9000,175,336,925,198,307,3139,2998,32,4237,15,10,18,629,3194,1309,1344,514,820,14031,3436,21,79,3,59,234,189,55,296,3321,982,747,362,2195,529,1289,12,8,7,1820,63,1064,13873,213,1848,3857,33,6,1596,589,7188,127,52,1680,251,725,1442,64,1308,92,15723,39,2269,93,6274,304,13,1571,9163,19751,116118,32,218,818,2179,5766,2736,8995,26492,302,91,17,3574,303,1019,949,20000,4221,8836,723,852,3263,753,12470,164,164,1409,297,4379,2489,5804,804,6096,11847,8438,3407,548,3345,2439,1468,18222,3695,6394,2824,4157,210,2708,6010,4128,237,3230,48704,6251,4523,1688,1091,371
22,Falls,644028,8420,1865,2781,199,6373,2282,5125,3782,2417,509,59,15,1094,134,569,946,2846,261,715,42,1185,5465,528,1604,528,12280,497,42,103,1014,614,19,2302,32672,17,1162,82,175,111,5179,1168,151,257,42,108,1630,21,2573,646,14,105569,4624,56,1522,12303,423,659,397,12,1751,936,1317,59,1954,7,3,7,256,6743,2103,686,1328,129,15250,1651,5,421,0,200,474,78,33,105,1350,149,301,2235,1053,458,135,4,9,7,16,11,213,6046,179,5458,678,4,5,1625,234,22317,37,20,460,171,111,1025,11,402,63,3102,11,1586,18,612,183,3,701,3455,18223,204603,16,55,186,1229,7785,854,3110,1447,78,13,1,1014,35,173,328,8437,1363,2761,291,146,1388,281,3959,59,71,335,36,1171,413,2596,291,4299,1590,2970,967,185,415,819,501,2634,1737,2168,1238,1133,53,925,2273,1172,19,777,21350,2643,1293,795,211,37
23,Breast Cancer,568309,14202,1516,7052,641,14120,3235,5785,13607,2221,732,96,58,1641,1151,693,1769,3667,767,1911,90,925,13258,1306,2700,2288,19829,458,198,425,1531,1763,44,1614,47291,16,1108,39,292,263,5521,1017,440,155,774,78,6600,102,6376,771,26,49011,5765,318,3115,3164,1988,692,668,340,2215,3074,1281,328,3545,73,26,87,255,5306,1239,2783,3682,250,18357,3752,5,597,16,459,1412,425,171,126,900,468,466,1426,2774,295,686,16,20,11,370,29,514,7736,530,9024,1579,13,19,2451,239,28718,228,40,327,549,265,1898,48,230,6,7441,20,1054,119,2173,47,8,609,9033,21287,76356,8,59,238,337,2949,489,2367,17865,38,68,7,1135,60,453,240,7654,1133,1962,396,216,405,175,1549,24,69,1613,92,4936,485,1123,196,2008,712,1347,446,19,491,637,342,3056,737,653,468,765,37,689,1382,805,21,650,14932,1283,814,277,305,37
24,Violence,466060,390,47,369,149,604,224,632,534,1029,38,2,4,121,163,52,82,114,42,114,12,88,862,64,119,214,599,12,26,440,831,93,10,553,16936,13,41,181,733,58,348,73,118,341,261,225,2027,16,24146,1654,5,11873,1910,120,1668,3634,152,246,176,983,122,560,4572,30,3259,92,25,29,914,2720,649,1151,293,6919,63349,23530,6,195,4,132,105,50,34,99,1814,225,496,591,16091,3869,3179,4,7,10,5917,31,212,4627,167,2680,893,6,24,1110,156,14792,446,58,1462,225,460,1592,24,109,12,4551,134,933,22,4624,242,5,342,11702,11200,52987,12,53,225,589,2120,1105,3780,17983,155,144,10,1863,245,933,467,7552,1631,2596,390,466,296,416,4056,60,60,463,358,14288,3009,2737,469,2272,2414,5103,1574,181,4442,654,668,10322,1774,826,688,1984,27,557,2688,1905,257,599,17843,2688,1266,849,642,635
25,Malaria,439026,0,0,0,0,0,1,0,0,0,0,0,0,0,0,0,0,0,0,0,0,0,0,0,0,0,0,0,0,0,0,0,0,0,0,0,0,0,0,0,0,0,0,0,0,0,0,0,0,0,0,3,0,0,1,18,0,0,0,0,0,0,4,0,1,0,0,0,3,42,0,8,0,7,54,30,0,0,0,0,0,0,0,0,0,0,0,0,211,0,2,0,0,0,8,0,0,18,0,0,0,1,0,0,0,0,0,0,5,0,0,0,54,0,0,0,0,17,0,0,0,0,119,63,1860,23677,74,0,0,2901,485,4417,11922,747,405,23,0,7412,2,1305,52,4879,768,3471,126,1678,7527,1197,16992,7,25,0,56,159,177,13359,2275,187,14375,12487,7242,627,2530,5971,4179,43258,14631,16669,5212,10561,345,2898,9161,20579,1,2152,112371,14067,7529,7134,3578,0
26,Oesophagus Cancer,413123,12527,500,1978,161,4474,1376,2072,2041,1686,234,30,12,490,152,253,414,2023,397,636,15,284,8822,467,849,217,5993,93,12,77,716,575,7,840,17208,10,191,15,53,69,1459,301,99,52,278,26,2051,20,1130,166,3,196639,2644,59,176,1346,327,41,60,64,590,345,339,37,5303,11,7,9,33,2328,1191,367,751,65,10170,891,1,222,0,134,188,38,37,15,246,35,159,501,415,90,140,1,5,5,148,1,431,13001,46,1915,760,0,4,1495,44,8345,21,5,62,79,139,1362,1,525,35,1403,4,533,14,190,315,1,244,663,2182,41255,4,12,706,618,3480,52,3589,5117,32,5,2,940,96,105,27,1628,486,1062,111,20,1899,16,2297,38,24,135,20,3992,128,78,16,1351,486,2401,548,5,414,34,194,1937,122,1204,614,68,9,597,136,80,38,485,341,129,110,18,60,174
27,Inflammatory/Heart,411622,7933,889,4711,264,5572,1421,1455,5141,1195,216,34,10,563,200,244,1398,1260,211,655,16,568,2917,257,1019,1864,8814,335,59,249,792,656,45,840,31866,7,380,17,230,219,12746,423,4010,261,319,104,5477,225,1811,346,18,36621,3309,598,3806,3417,14906,330,815,131,1475,2068,944,3171,2391,36,27,40,142,4147,1021,1318,3870,195,18188,1349,16,466,3,789,2549,73,70,69,1604,135,221,1998,681,148,370,5,4,4,203,13,355,914,281,9292,524,14,6,789,354,70573,89,43,706,459,415,1399,34,238,16,15200,18,241,101,1771,160,10,577,3439,10408,16989,6,40,244,350,3794,337,1009,2245,93,66,10,958,140,503,282,2884,1514,2534,146,189,411,113,1603,30,43,1348,143,5755,879,1943,103,1164,1709,1107,377,58,859,365,217,2681,804,909,368,362,58,392,1002,542,109,314,6336,1192,485,266,260,164
28,Endocrine Disorders,411242,10502,466,3913,39,7178,2174,3181,7344,1458,340,37,11,604,945,279,1140,1043,242,1634,14,211,2893,531,1462,630,9227,79,131,195,1067,712,93,346,40035,18,64,38,248,34,970,167,85,125,457,169,2177,8,10734,839,21,26778,4628,82,1792,5532,243,206,631,332,437,1027,582,10,1445,64,31,86,163,3972,585,663,145,216,15544,1778,15,69,13,49,325,26,71,72,843,232,204,19,826,98,260,10,24,7,642,12,477,3529,138,48,434,10,17,540,213,185,203,31,316,35,81,89,25,267,31,9282,39,739,39,1066,84,6,583,6356,10414,26223,17,40,178,947,3107,958,3403,7454,173,126,11,1185,104,315,276,7538,1270,2232,312,454,1139,287,5666,71,91,469,103,5210,936,5409,385,2449,7670,8078,2105,216,696,1703,1322,16810,1301,4281,1238,2032,196,1072,3426,2010,103,1198,42961,4255,1735,2421,937,133
29,Asthma,382288,2486,104,963,54,1262,457,259,503,1973,88,7,2,153,141,67,70,129,55,134,5,95,1248,54,149,92,1171,28,37,46,278,141,26,281,4032,11,57,5,80,33,574,46,88,174,152,41,885,18,1555,110,16,27680,2498,138,1468,7832,346,256,792,75,118,2762,328,47,4229,6,4,13,145,6808,7160,1258,269,171,2656,345,14,50,3,43,56,30,157,39,630,139,113,143,395,185,380,9,2,8,360,31,171,11794,99,979,1047,20,4,1608,236,2238,70,15,104,27,50,1873,42,137,57,2210,11,3317,170,566,84,8,2093,13186,35478,110369,16,144,61,561,12628,781,1726,10521,103,26,23,2493,154,831,1018,6269,1649,2521,317,286,837,239,2491,50,57,1287,184,5188,1084,1704,212,2874,2822,1957,630,129,1116,906,585,7016,1053,1485,846,1333,75,916,1778,2402,130,1062,11894,2676,1414,746,803,263
30,Drownings,358957,8248,56,407,13,900,205,288,316,662,59,1,2,103,52,64,47,87,56,83,3,116,270,33,70,360,448,21,15,129,344,173,12,247,3685,21,96,44,163,53,1042,149,15,83,80,125,916,5,1976,534,12,51961,1508,25,802,6303,98,50,166,20,125,630,1241,16,774,27,10,1,244,5944,1336,649,654,104,5960,1178,6,159,2,158,152,57,42,31,833,89,287,1298,525,316,211,4,7,12,383,21,250,19102,125,5017,1488,14,6,1296,147,16652,52,31,881,196,259,1433,47,722,39,1904,33,361,56,568,121,7,1860,5807,9034,63004,5,148,279,969,2859,779,2417,17048,116,113,3,957,79,937,834,6568,2225,5545,269,333,728,260,3454,55,70,183,107,1775,1908,1469,240,4649,7932,3186,1130,140,433,1023,521,9325,1550,2622,1484,1917,146,1551,2113,1874,83,1731,15670,3628,2468,1007,736,97
31,Pancreas Cancer,355709,33204,1243,6285,516,10897,2630,4283,10990,5269,760,80,50,1870,964,451,1609,2802,495,1453,77,1081,8859,1024,1749,1673,17178,376,103,270,1323,2050,19,875,40559,0,767,17,139,249,4990,819,393,66,586,46,4644,75,4036,477,15,69713,3386,229,545,684,1212,152,227,100,1990,592,1346,219,1194,11,10,39,174,1993,151,881,2895,186,9948,1920,1,485,3,383,1066,285,59,52,437,173,269,835,1158,246,325,4,5,6,232,0,211,845,176,4538,390,1,7,1590,229,18443,106,25,187,374,171,2628,3,88,10,2488,8,229,18,491,59,3,156,1848,6350,15743,4,24,84,95,860,63,623,606,10,18,3,286,10,58,46,518,244,241,28,21,42,28,82,0,2,482,11,2256,184,213,30,193,110,340,108,8,169,97,57,405,81,353,65,134,4,109,113,97,4,95,1870,314,87,34,25,5
32,Prostate Cancer,342090,12884,1491,6512,280,10438,3488,4524,8860,1877,1139,51,57,2574,468,652,1314,2946,584,2036,40,934,12578,1362,1685,2005,15107,437,168,518,2311,1422,16,2937,32107,6,870,17,404,285,4397,764,369,36,698,55,4843,76,6740,1228,15,24392,8183,203,690,786,1180,502,387,820,1238,1859,2300,199,2483,76,54,167,364,1990,197,584,2321,399,16632,3126,4,677,29,450,883,166,77,28,369,191,623,939,3053,466,2063,10,28,18,723,22,192,738,273,4443,156,2,40,165,180,15935,368,55,596,264,77,546,13,33,1,1622,35,121,33,432,14,5,171,3200,9962,13586,6,41,23,537,642,429,2309,2589,51,89,2,1527,36,217,48,1335,110,803,69,326,336,110,3309,32,17,487,95,4151,1079,727,203,222,800,2634,559,18,705,323,145,4065,421,477,672,243,32,645,987,246,38,300,12087,1155,414,210,252,56
33,Lymphomas,341463,17378,992,5364,339,9266,2808,4822,9463,2732,624,56,20,1344,886,520,1160,2402,498,1532,39,873,9171,699,1477,866,12117,372,114,369,1286,1079,16,1034,39322,1,620,55,176,165,3058,665,146,163,414,133,2537,32,4453,809,13,38425,6132,49,1817,1580,735,579,610,237,912,2213,1491,73,3498,26,19,43,123,3795,604,1243,1299,105,9538,2574,3,326,7,229,508,69,35,49,1152,343,230,557,1305,108,246,7,11,6,206,4,216,2705,147,2147,622,4,8,687,268,8891,109,35,287,178,62,693,9,265,6,5079,7,895,21,1598,49,3,597,2180,12873,29342,5,48,185,393,1677,271,1735,7166,40,16,2,826,86,307,184,2981,1029,1676,198,71,926,69,674,26,37,1088,51,3508,137,821,54,1283,475,1760,460,27,920,159,239,1665,272,1462,343,218,32,477,1347,399,17,353,4421,264,490,72,216,19
34,Malnutrition,330105,1901,57,167,0,3418,90,205,536,91,97,11,2,86,32,12,0,18,2,71,1,3,89,11,227,3,224,1,4,33,555,225,4,48,3564,2,0,0,140,1,103,26,4,10,77,22,1267,1,8029,695,0,10539,699,4,985,11,11,16,89,50,21,231,1709,0,230,7,2,2,223,356,160,45,100,295,7870,2006,4,3,3,1,6,2,21,1,41,15,250,0,517,329,214,4,3,1,2161,9,23,5033,3,10,27,10,5,270,15,10,27,11,1063,0,12,130,22,189,10,671,13,483,12,306,1,4,235,3619,17937,52285,28,20,16,1279,1155,1426,5362,5498,96,40,16,2947,128,252,183,9120,368,1446,655,390,3058,600,6219,102,115,128,207,2889,1263,3644,579,1598,10992,5131,2649,437,4428,3506,1274,22512,5062,2454,3687,7053,119,2422,4787,6390,168,4209,40609,5184,5628,2318,1491,306
35,Oral Cancer,315707,8021,467,2587,327,4648,879,1331,3121,1159,143,8,4,375,128,119,559,730,171,821,17,217,2938,373,657,307,6103,156,15,101,284,809,7,780,10515,18,354,11,64,101,2492,710,86,58,157,24,1018,28,1259,136,13,38575,1329,120,905,4737,597,61,275,43,1470,925,305,52,855,10,9,13,41,4272,1772,1140,2342,68,9245,801,1,311,3,204,589,60,54,13,321,64,116,957,574,88,407,4,6,12,130,0,157,15010,155,4451,651,4,3,512,92,11968,40,12,174,315,132,784,9,116,36,1310,3,1341,16,443,55,3,730,3297,11993,94354,1,67,172,329,4922,128,1593,11048,43,11,3,1002,44,773,168,1277,426,1192,121,30,222,30,1714,28,26,261,54,1569,97,366,38,1202,336,763,212,2,149,96,129,1473,198,991,363,226,29,325,788,207,14,243,1947,170,307,59,139,24
36,Meningitis,314965,321,13,133,6,224,33,79,167,60,14,1,1,27,23,18,23,51,13,37,1,13,212,26,40,58,179,6,1,24,114,35,4,82,645,2,15,5,40,5,168,26,9,101,13,18,493,1,383,138,10,6218,544,17,629,682,25,39,78,16,48,523,389,5,771,3,2,4,86,2203,497,370,68,98,1834,418,2,18,0,10,45,13,5,19,156,46,135,51,257,115,139,5,0,5,255,15,61,1835,32,375,228,5,0,266,54,1421,16,11,448,27,67,231,19,392,27,619,2,1098,20,621,30,3,571,1844,5358,40312,8,66,116,1608,2150,2066,5847,12650,128,11,8,2392,65,404,297,17774,835,2502,698,430,2146,547,7363,129,146,246,110,2309,1006,6098,899,3551,7677,6838,2555,429,1678,2736,1532,18627,4805,4530,2531,6780,139,3458,5309,5454,85,4446,58231,8935,7510,3242,1662,181
37,Rheumatic Heart Disease,304792,2683,70,1531,33,1684,351,416,2174,208,48,16,2,125,149,117,234,232,49,186,3,35,997,77,284,205,2920,82,27,52,133,291,6,134,3259,5,169,5,18,23,1093,89,64,89,34,25,3393,12,805,133,6,85574,391,46,573,1361,73,50,155,26,301,837,416,11,314,3,3,1,42,603,433,395,354,23,2289,237,7,86,0,49,232,107,7,16,219,37,71,419,121,43,163,3,1,1,17,8,251,2490,452,1539,711,11,2,2275,65,4241,16,12,326,69,182,697,33,312,71,1976,3,1860,66,601,114,7,543,2821,5730,110869,6,33,233,198,2538,243,534,15306,45,7,8,661,46,514,257,1985,810,1266,123,121,258,70,884,17,20,114,54,1438,648,564,72,781,1303,797,230,41,542,283,166,2553,735,625,268,374,30,285,619,486,48,266,3897,842,452,210,242,72
38,Maternal Conditions,303269,52,4,19,5,64,19,27,21,55,3,1,0,5,9,7,3,12,6,8,0,2,73,3,8,3,39,2,1,17,53,4,3,43,555,5,4,4,68,1,11,3,4,5,8,16,413,1,792,209,2,4673,215,6,944,832,12,28,134,42,13,546,451,2,207,4,2,1,167,190,101,179,45,229,1392,584,2,3,3,3,7,9,8,6,105,107,271,6,652,50,110,1,1,1,396,8,43,4544,19,149,283,5,1,292,15,569,11,17,476,11,99,41,19,81,23,833,4,1242,5,679,31,2,538,2916,9588,43120,9,73,36,732,1432,1451,7849,8933,133,21,4,3077,81,452,460,13735,3240,3869,720,572,3067,791,10114,76,55,328,183,1483,1084,2762,1207,4486,5769,4715,1485,500,2254,1567,919,16040,2608,6064,3028,4531,95,3623,4878,4382,125,3334,63909,6968,5125,2647,1458,250
39,Leukemia,288470,8904,643,3826,193,7039,1882,2948,6832,1784,365,46,16,849,581,345,862,1483,289,977,25,367,5421,540,1114,1564,8720,205,95,268,861,913,20,620,27048,5,438,47,195,144,2655,413,112,107,258,109,1900,35,4570,927,4,57230,3564,146,1268,4317,671,261,346,125,936,845,1085,99,3240,8,12,19,210,3287,781,1139,1431,272,8096,2488,3,285,4,216,400,129,43,75,724,270,299,661,1022,296,355,4,5,6,609,1,263,2039,160,2430,785,10,5,867,210,8322,62,21,270,157,157,1277,22,127,21,4027,11,890,36,1737,45,4,603,3744,9179,27756,4,37,141,195,1823,112,1209,4794,17,20,4,571,20,216,202,3442,1150,1082,173,66,59,27,423,6,35,892,25,1555,175,203,29,796,218,797,145,2,200,71,48,1000,150,632,173,140,8,320,311,106,8,309,1747,77,183,38,95,11
40,Cervical Cancer,278318,3851,94,1007,133,1385,369,570,1114,1113,117,6,1,231,149,63,204,283,107,388,3,61,1247,113,245,210,1902,80,20,178,699,382,5,576,7479,8,156,5,195,77,1749,276,87,36,176,17,2133,25,4762,944,14,29140,725,33,570,3214,617,47,109,221,596,1154,1699,69,390,23,16,23,450,4471,605,656,2043,418,9238,2670,5,228,7,136,413,127,62,12,94,21,450,372,2299,398,649,1,13,7,569,38,221,6717,185,2653,877,9,15,1126,109,7972,130,43,890,188,266,1281,33,138,20,381,20,1624,87,153,130,3,820,3596,9988,68906,11,26,133,935,3027,974,2706,3074,47,71,5,1934,117,542,173,4986,131,566,204,173,2112,213,4670,97,37,96,63,5054,613,1633,287,602,1185,2358,1353,60,1082,378,174,5178,958,4022,1218,345,36,717,1193,1385,117,564,8757,905,499,375,243,184
41,Peptic Ulcer Disease,234134,3285,138,455,51,919,277,398,760,624,162,4,4,293,42,80,166,140,84,234,10,149,2165,268,241,462,2448,50,16,84,194,443,9,396,3118,1,191,4,26,57,1967,263,117,36,49,22,811,15,2530,316,5,42288,894,27,675,2992,610,76,195,71,678,400,738,44,1426,11,8,14,127,1221,108,905,479,182,3523,741,4,310,1,149,295,135,21,18,110,68,121,10,467,259,273,6,3,5,771,7,150,6387,167,31,640,7,3,1250,84,34,81,25,278,223,90,38,19,216,33,1773,4,1689,23,146,187,3,591,6784,17494,57658,3,35,150,343,2825,389,1453,10153,45,35,4,665,48,377,256,3842,660,1134,231,125,617,100,1576,29,34,85,50,1544,747,986,142,1163,1209,1142,463,53,188,493,282,2943,856,1087,555,808,27,648,918,697,31,575,5412,1443,747,438,375,74
42,Other Neoplasms,207953,12514,653,4257,92,7547,1216,1535,8768,1420,272,36,9,1070,285,201,724,1656,229,592,14,363,3839,321,1543,8,7615,51,71,311,1155,559,10,603,16503,1,279,5,152,69,3017,91,118,11,315,63,3083,0,5718,749,3,40361,21,303,681,948,566,273,471,144,547,1286,413,15,768,7,3,13,66,2546,68,882,294,36,4369,3844,1,155,2,102,163,101,52,15,486,157,241,27,2692,5,309,1,1,1,369,7,21,1770,140,56,497,2,2,324,204,241,105,2,246,72,99,103,3,176,9,3589,11,237,7,1589,39,1,165,3319,2818,14329,1,6,88,206,595,188,645,2284,28,24,0,387,46,64,67,2532,738,1279,88,57,387,66,793,19,42,581,47,1041,154,375,69,1076,441,729,343,30,96,204,131,1220,311,610,205,172,20,0,446,169,31,383,3545,432,264,90,107,39
43,Bladder Cancer,184183,8755,602,5616,131,6108,1178,2358,6617,1520,360,36,14,752,409,211,596,1320,236,1083,31,277,6086,576,1056,1189,6440,192,73,98,522,883,11,657,18091,1,504,9,40,110,3372,414,236,24,268,43,1542,44,1135,148,1,29437,5215,186,796,360,807,368,444,59,962,984,392,132,2475,5,1,7,27,1500,205,299,1651,29,4446,581,0,277,2,251,563,165,19,28,257,140,66,370,385,47,58,1,3,4,57,3,125,1039,128,2471,215,1,1,749,158,8050,32,8,95,194,51,1210,3,66,5,4757,2,299,11,1125,22,1,137,481,3946,10510,4,11,63,133,588,193,232,2633,21,3,1,300,2,41,56,935,128,346,39,9,428,32,601,10,9,662,16,825,64,203,17,353,143,97,129,3,88,41,36,497,229,213,85,112,8,84,69,418,8,64,690,104,63,20,24,11
44,Fires,179766,1337,33,162,9,418,64,218,220,300,48,1,1,80,32,17,28,41,37,78,0,71,294,59,92,135,413,11,4,18,339,56,8,50,2938,9,40,24,22,51,683,38,46,89,47,25,887,8,539,143,4,10380,784,13,1522,390,79,81,129,13,115,295,482,9,2068,7,1,1,38,1626,503,346,390,43,1389,146,2,64,2,125,109,46,20,43,514,132,97,955,176,63,118,3,1,4,134,6,353,1701,154,3136,703,2,2,356,94,14592,20,12,426,64,68,699,9,370,42,671,3,876,28,582,83,1,497,893,1439,51222,2,38,265,615,1257,418,1858,3821,66,21,1,891,71,144,288,5756,923,2666,235,199,757,156,3008,47,50,159,82,2256,648,1480,161,587,3243,2208,851,110,673,624,372,5142,976,2142,890,928,73,755,1367,889,67,992,10148,2688,1009,560,448,118
45,Drug Use,167165,600,201,768,24,1661,1076,1525,773,148,359,14,11,327,70,78,208,180,194,120,7,330,2439,214,246,279,1627,28,15,47,129,201,16,60,34010,6,91,8,31,139,586,70,37,150,36,50,782,16,894,224,1,27925,761,21,445,817,71,82,403,9,113,978,689,10,2122,4,1,1,33,674,178,310,693,45,1669,394,1,221,1,75,84,24,11,42,245,98,31,1348,181,27,60,0,1,6,244,9,102,2394,47,8139,418,0,2,625,71,19790,14,7,191,182,186,690,1,75,17,2890,2,221,3,457,40,0,77,725,606,17132,1,4,67,37,519,209,89,1262,21,11,1,35,28,13,34,537,181,354,9,50,22,93,217,2,4,149,30,773,57,724,88,127,335,90,44,43,311,224,177,543,311,73,27,157,18,19,908,263,27,14,8655,910,357,182,43,28
46,Ovary Cancer,161421,5042,442,1970,183,3856,989,1717,3311,1028,319,32,14,536,307,201,515,1036,281,407,32,345,4165,375,696,606,5693,152,56,90,403,729,10,293,14698,8,318,10,65,99,2724,319,152,56,151,21,1423,28,2195,237,21,15210,1799,31,609,445,487,135,170,60,726,579,491,82,1179,9,4,14,53,1539,454,727,1082,68,3824,1140,2,276,3,183,440,89,40,22,224,82,106,477,621,96,63,2,2,3,98,10,108,2299,85,2777,251,2,4,581,89,9302,65,17,224,119,114,1370,16,46,10,1761,3,649,44,406,34,1,243,1883,7894,21684,2,14,52,117,1146,146,644,3139,21,20,1,148,13,156,106,2296,231,613,115,38,127,40,239,2,19,274,20,1332,127,298,43,310,157,470,131,6,147,125,111,625,147,82,118,306,11,194,283,223,9,183,1409,232,172,58,66,13
47,War,156238,4,0,0,0,18,0,0,0,0,0,0,0,0,0,0,0,0,0,0,0,0,0,3,0,0,0,0,0,0,0,0,0,0,39,0,0,0,0,0,0,0,2,0,0,0,0,0,747,0,0,2419,36,0,197,5,0,250,68,0,0,0,0,22,1388,0,0,0,0,132,0,3,0,0,300,164,0,0,0,0,0,0,0,24,209,0,0,0,0,0,0,0,0,0,0,0,0,2,0,4223,0,0,0,247,659,319,0,0,0,0,0,0,0,0,0,299,0,0,0,39448,0,0,0,972,0,254,0,0,0,0,357,0,164,6145,0,0,0,0,0,0,0,80,3875,1661,0,0,0,0,0,0,0,61749,0,0,0,0,0,13330,0,1280,0,0,0,0,0,0,0,0,0,161,0,3184,139,353,0,1656,8826,0,75,0,750,0
48,Epilepsy,152310,1001,129,573,39,1796,299,329,1046,470,100,16,2,109,102,64,111,325,76,342,3,104,1250,101,351,70,2859,26,7,62,306,247,20,107,2259,3,136,12,67,37,742,141,62,85,60,28,310,4,1801,294,9,12196,2766,36,661,2194,144,65,208,45,106,486,353,19,448,5,5,10,99,813,406,196,279,140,2814,734,1,58,1,40,111,25,29,32,335,69,145,124,491,74,122,0,5,2,344,11,223,5740,32,367,879,2,3,447,87,581,44,14,233,67,192,236,6,477,16,1130,8,340,14,294,73,1,261,1527,3480,29700,4,14,180,703,1208,339,1704,3146,66,21,2,718,115,90,111,5653,809,1531,201,187,612,112,4871,53,66,100,130,3982,471,626,131,1239,2807,2043,657,75,792,433,260,4465,792,3089,869,474,61,627,1061,569,94,684,7446,1504,700,338,397,132
49,Measles,139822,0,0,0,0,3,0,0,1,0,0,0,0,0,0,0,0,0,0,0,0,0,1,0,0,0,1,0,0,0,0,0,0,0,0,1,0,0,0,0,0,0,5,3,0,0,0,0,0,0,0,567,40,3,66,58,0,0,1,0,0,3,0,0,10,0,0,0,0,21,8,8,1,0,1,0,0,0,0,0,2,0,0,0,6,0,0,0,0,0,0,0,0,0,0,0,0,27,0,27,0,2,0,22,4,0,0,0,0,0,0,0,1,0,5,365,0,88,2,39,92,0,18,345,5462,42009,23,21,0,16,340,109,1033,676,93,0,1,687,8,348,17,25103,221,2790,690,1076,268,15,142,14,106,136,9,353,0,86,1116,2043,420,505,145,83,499,312,218,1543,190,460,90,2308,127,1149,1330,1462,3,8617,26672,586,446,3365,667,33
50,Alcohol,128513,497,234,349,12,3418,388,899,379,833,248,21,6,345,47,49,413,290,80,200,2,585,1167,640,385,35,5219,102,7,50,435,322,8,471,9324,10,228,4,28,206,3187,176,142,28,70,11,721,8,3452,427,1,12585,215,9,71,924,312,16,119,9,453,258,401,19,71,10,5,4,432,2487,317,335,579,109,8826,146,1,299,5,216,80,28,43,7,82,15,175,984,94,979,120,0,3,1,1195,3,127,505,28,3461,343,1,6,306,24,26597,22,10,383,365,285,475,2,60,4,142,7,97,1,67,207,0,309,1574,1249,7841,1,13,90,170,1686,152,422,499,15,21,0,149,21,46,131,1077,118,202,56,37,120,43,582,9,12,35,20,593,359,368,48,159,378,348,138,22,198,153,103,611,267,249,161,178,16,142,394,204,13,126,2579,581,247,136,82,18
51,Parkinson's Disease,127231,8787,841,3934,103,6448,1753,2428,6192,3577,396,44,25,672,305,295,979,1639,390,1048,43,709,6614,434,1197,506,10130,85,53,75,724,389,6,487,28106,1,370,7,97,68,926,161,234,13,242,14,955,6,1306,240,10,9789,1401,52,97,461,594,37,175,56,389,249,209,108,297,7,4,17,45,371,99,168,620,24,3684,231,2,129,1,47,397,18,16,11,64,25,63,142,280,45,99,1,2,3,117,4,28,539,47,128,21,2,1,149,27,386,40,4,39,1,1,217,2,15,5,188,4,170,3,41,7,1,38,443,1219,4162,1,4,13,29,382,49,120,784,13,4,0,42,13,27,18,286,42,66,12,18,51,18,155,3,4,50,12,583,80,74,11,34,68,75,37,6,21,34,21,131,42,63,22,37,5,31,81,42,6,15,654,87,33,21,14,9
52,Skin Cancers,111444,1833,478,1790,38,2997,2380,1606,2849,529,411,16,6,655,393,530,512,1038,245,528,10,291,3421,417,529,463,4185,173,27,110,452,618,3,434,14749,1,348,2,39,88,2062,325,99,18,127,7,1172,21,1746,267,7,19556,1203,72,161,391,520,41,71,15,583,256,403,103,405,1,1,2,54,2200,212,215,1000,80,4129,933,0,165,0,150,338,70,5,4,59,22,123,314,548,60,163,2,1,1,185,3,99,277,125,1416,161,5,2,215,20,6725,8,4,197,124,58,705,7,44,6,245,1,66,6,114,30,1,151,423,1927,4359,1,11,42,113,586,72,242,478,9,0,1,167,46,172,40,174,70,190,15,42,110,15,343,4,2,58,19,1659,76,145,21,186,166,217,74,8,96,42,39,717,69,211,79,66,3,67,137,76,25,40,462,86,53,28,47,47
53,Poisonings,107549,594,14,163,7,530,110,207,300,290,58,2,2,63,20,14,32,40,19,34,1,31,287,25,58,36,158,8,3,19,55,54,4,41,3852,2,14,6,24,11,141,27,72,27,25,7,366,5,575,127,1,22392,405,8,419,904,40,25,71,13,35,232,342,9,1128,1,1,1,34,359,82,175,144,49,453,161,1,33,1,27,57,20,2,9,280,55,33,341,93,23,37,1,1,1,202,3,69,506,34,1331,445,2,1,567,51,3076,6,4,480,62,56,500,8,162,7,460,3,185,5,180,66,1,140,248,1198,24690,3,12,64,311,947,311,916,2903,26,8,2,573,34,152,88,2475,771,1679,188,82,457,100,1282,29,27,136,49,656,303,436,94,515,1424,1202,467,52,333,351,184,2802,566,935,622,711,25,483,713,567,42,398,5601,906,707,302,242,67
54,Syphilis,92243,137,4,20,1,26,9,16,46,25,2,1,0,4,3,1,2,4,3,8,0,2,46,2,4,6,25,0,1,6,24,10,1,21,145,0,1,0,4,0,13,4,1,1,8,2,79,0,155,87,1,982,82,3,76,333,10,6,13,5,17,429,214,1,9,1,0,1,69,98,17,8,11,44,403,84,0,4,0,2,3,4,1,8,20,4,19,3,27,30,23,0,0,0,210,4,89,2538,2,74,325,2,1,131,9,174,1,2,176,4,26,76,16,329,4,241,2,214,3,166,15,2,151,323,304,6148,1,17,38,287,491,770,1410,3609,33,9,1,1059,22,371,87,8060,1122,2560,177,108,735,536,2552,88,31,45,38,952,396,409,124,916,4883,1479,762,136,662,534,608,11243,1065,3604,941,891,12,1007,2298,2277,20,1499,9164,2085,2009,115,596,51
55,Skin Disease,91172,1825,106,1399,146,1299,465,444,1089,543,113,3,4,193,527,99,62,312,46,123,22,27,1914,60,329,57,1461,15,47,98,305,182,10,202,4608,3,8,8,117,11,164,169,10,39,206,38,1461,1,2173,124,3,6955,335,5,606,1205,95,106,426,158,114,429,399,1,217,23,18,15,53,1046,70,957,87,30,4774,1401,7,32,4,62,40,3,41,11,592,68,65,1,17,98,46,5,10,1,93,8,5,3093,11,2,31,6,8,170,69,25,62,30,225,31,20,6,11,4,9,521,9,235,26,181,11,4,94,1858,3165,11153,2,8,5,314,842,190,844,2004,50,5,4,467,58,146,43,3359,166,275,122,83,458,67,1583,30,39,64,62,1970,102,1054,49,343,596,924,450,29,497,178,103,1033,695,1186,342,179,25,269,473,194,36,238,3321,496,202,110,88,57
56,Encephalitis,89272,421,24,144,9,212,38,66,303,158,10,1,1,14,14,9,24,30,6,29,2,17,158,8,35,16,246,5,4,20,45,24,6,41,702,2,12,4,17,6,118,10,17,16,42,25,215,1,759,112,4,3622,398,20,466,1329,63,20,60,14,18,242,383,8,140,2,1,2,43,504,381,298,91,42,396,362,0,24,0,19,48,12,7,8,96,21,32,40,87,17,33,0,0,0,71,4,61,1861,24,256,646,1,1,187,25,1462,8,5,105,32,61,191,2,130,24,1462,3,810,4,370,18,0,240,1148,3497,39913,3,18,76,145,1107,155,930,2514,9,14,0,269,7,164,80,3021,241,483,70,29,155,69,846,19,12,61,10,214,187,411,69,187,400,532,114,36,386,192,134,947,176,541,235,297,7,205,404,302,5,435,4532,684,444,155,62,10
57,Hepatitis B,86877,737,6,123,0,149,36,95,519,1050,1,0,2,9,18,13,29,24,7,35,1,1,47,9,25,137,246,2,4,8,33,13,13,66,760,2,18,4,5,4,38,8,10,16,7,18,113,1,309,31,6,6813,371,2,273,468,49,19,39,7,41,570,94,6,478,1,1,2,16,438,10,178,24,16,899,100,1,2,0,5,20,5,4,6,98,21,13,15,45,5,68,0,1,1,29,3,22,1876,16,113,334,1,0,247,23,110,5,2,61,6,39,67,3,45,24,1053,0,485,4,105,9,0,108,816,4906,43284,1,4,46,162,834,195,438,2226,6,2,1,191,3,48,36,1301,173,273,73,21,144,45,687,11,14,283,4,152,91,494,55,243,239,447,149,28,29,206,132,419,333,397,165,221,6,180,437,260,3,181,3317,766,273,257,55,5
58,Uterin Cancer,82669,2990,237,1466,100,2616,398,981,2114,295,140,15,2,367,156,115,271,466,107,308,20,207,2178,201,391,287,2642,93,23,69,232,441,3,592,7968,0,213,1,61,52,1270,254,85,6,78,6,822,16,563,72,5,16499,1034,44,61,1467,315,46,49,77,285,160,118,84,210,10,5,23,21,549,44,232,400,137,2117,305,0,145,2,142,309,49,11,17,97,26,58,380,236,192,57,1,4,1,363,1,46,365,135,2457,257,2,5,344,24,6176,54,3,45,85,61,403,6,109,0,417,4,45,17,51,15,2,59,684,2048,4984,1,12,40,63,236,41,243,852,15,20,1,95,8,88,29,239,4,110,17,9,35,11,81,1,2,72,8,531,53,88,16,333,57,117,43,1,63,41,45,316,50,69,38,59,5,53,72,62,6,45,658,103,45,20,17,7
59,Anemia,77896,870,72,635,1,851,163,326,1391,251,60,6,1,145,161,20,33,221,23,183,1,8,209,80,142,1,710,0,30,4,131,48,1,61,3071,0,2,0,51,4,7,4,1,22,69,3,6,0,2265,269,0,231,20,0,109,5,112,2,2,67,57,2,8,2,236,6,7,10,1,8,13,20,25,3,2346,203,0,5,4,12,3,1,33,0,3,1,1,0,108,1,2,1,6,0,306,2,4,221,1,0,143,0,4,9,2,1,47,0,2,3,10,31,0,9,1,15,8,37,0,20,0,0,12,2837,122,8934,2,1,3,889,412,160,3242,361,81,62,0,1816,7,134,5,5894,32,81,471,250,1344,47,4742,81,92,8,9,246,8,380,53,15,3286,2220,1173,30,85,221,106,7561,768,1916,1393,262,65,1224,339,704,5,1309,3437,579,256,126,611,9
60,Pertussis,66392,1,0,5,0,1,1,3,0,0,0,0,0,0,0,0,0,1,0,1,0,0,7,0,2,0,1,0,0,0,12,0,0,0,16,1,0,2,1,0,0,0,1,12,5,15,64,0,58,53,0,1534,13,5,188,145,0,8,17,8,0,128,110,0,251,0,0,0,23,62,32,91,0,37,116,31,1,1,0,0,0,3,0,0,96,36,150,8,28,23,43,0,0,0,87,2,36,557,5,43,102,6,0,40,19,157,0,0,275,0,25,51,17,51,2,397,0,532,3,243,11,0,316,2620,1193,4997,1,63,18,324,199,493,1550,5358,51,0,0,763,8,231,214,4680,856,1427,206,152,512,143,1875,36,9,116,66,199,391,756,181,1364,927,1657,579,74,108,411,273,3819,633,1133,412,1033,35,591,922,873,31,852,11345,946,1015,213,280,58
61,Tetanus,63993,8,0,2,0,2,1,0,34,8,1,0,0,0,0,0,1,0,0,1,0,0,1,0,1,2,1,1,0,0,2,0,0,1,3,0,0,0,1,0,4,0,0,20,1,1,3,0,10,48,1,706,25,3,48,339,1,1,23,2,2,64,58,0,35,0,0,0,22,159,32,65,4,26,108,23,0,0,0,0,0,0,0,0,7,13,13,1,11,14,21,0,0,0,8,1,17,828,0,6,55,2,0,37,1,6,0,0,32,0,6,6,1,28,11,672,0,405,1,146,2,0,53,762,3857,11881,5,12,13,213,387,97,3308,7383,10,0,0,274,6,57,87,3267,231,545,101,23,253,75,1041,27,27,42,5,22,137,419,76,917,2110,578,338,37,134,153,117,1948,337,665,468,424,18,1948,305,577,2,2055,8939,691,1302,164,370,28
62,Rheumatoid Arthritis,48094,1785,70,260,0,427,198,288,604,197,46,1,2,104,20,52,40,182,58,83,1,86,922,80,64,35,470,28,12,43,145,51,3,63,2473,0,55,1,8,13,347,15,14,2,39,1,225,2,1453,110,1,10954,243,6,45,71,34,6,52,7,57,39,101,0,36,1,1,5,22,102,16,14,0,4,578,322,0,24,0,21,13,5,5,2,17,5,33,1,213,16,12,0,1,0,71,1,4,499,8,14,73,0,0,179,5,7,13,1,22,9,61,1,0,5,1,56,1,40,0,8,2,0,11,219,975,19672,0,1,3,17,112,10,66,184,4,1,0,22,9,5,5,136,22,42,6,7,25,3,84,1,2,9,10,351,14,23,3,23,50,52,19,2,24,10,6,103,15,46,16,11,2,17,23,13,6,12,171,26,10,7,9,10
63,Appendicitis,45043,107,16,59,3,93,23,46,56,68,9,0,0,20,4,7,10,20,5,17,0,9,115,21,11,15,140,0,1,19,35,15,4,83,399,1,12,2,16,1,101,9,9,9,11,12,160,1,649,92,1,2002,89,3,235,448,17,15,70,6,36,112,292,1,210,2,0,0,42,446,52,259,26,73,1064,271,1,17,0,4,46,6,0,5,66,9,58,2,114,63,34,2,1,2,102,3,14,1117,11,6,21,2,0,77,19,9,9,3,127,6,5,9,5,26,9,267,1,261,8,36,16,1,119,333,3628,14802,1,7,23,91,527,129,389,2281,13,4,1,141,10,90,48,845,185,414,43,43,127,39,408,7,8,46,11,232,209,242,43,504,767,346,132,21,34,192,96,1076,296,328,165,296,12,169,366,268,11,175,2018,541,321,129,115,17
64,Dengue,34497,0,0,0,3,0,1,0,0,0,0,0,0,0,0,0,0,0,0,0,0,0,0,0,0,0,0,0,0,2,0,0,0,0,3,3,0,0,9,0,0,0,0,0,0,0,1,0,138,39,2,60,0,0,0,298,0,0,0,4,0,0,21,0,0,1,1,2,12,154,250,193,0,45,578,183,0,0,0,0,0,0,0,0,3,0,35,0,56,5,99,2,0,1,52,0,0,110,0,0,0,0,0,0,0,0,21,8,19,0,0,0,1,0,1,9,1,24,2,0,0,0,127,2066,8146,20232,0,4,0,5,460,6,16,197,1,4,1,6,0,7,60,41,8,24,1,2,7,1,28,0,0,0,0,0,25,25,3,15,36,24,8,2,12,11,6,62,12,15,7,8,1,4,22,10,0,5,201,44,11,11,5,0
65,Schistosomiasis,24058,0,0,0,0,0,0,0,0,0,0,0,0,0,0,0,0,0,0,0,0,0,0,0,0,0,0,0,0,0,0,0,0,0,0,0,0,0,0,0,0,0,0,0,0,4,0,0,0,0,0,103,0,0,108,0,0,0,0,0,0,76,0,0,0,0,0,0,0,0,0,0,0,0,564,0,0,0,0,0,0,0,0,0,41,12,0,0,0,0,24,0,0,0,0,0,0,0,0,0,0,0,0,0,23,0,0,2,0,0,0,0,0,0,0,537,0,0,0,46,0,0,1,280,25,0,2,0,0,203,0,292,684,0,32,0,0,300,14,0,1,1775,130,749,105,77,247,89,930,0,21,29,10,463,0,818,104,0,687,582,235,45,104,359,226,1276,564,590,244,398,17,254,716,449,12,220,5550,1232,411,377,130,0
66,Multiple Sclerosis,22933,87,146,242,1,693,177,533,500,27,117,7,3,155,35,36,138,256,66,52,1,82,1546,131,150,89,1401,35,9,10,22,121,1,52,4462,0,73,1,9,13,490,49,25,7,20,4,113,5,287,25,0,1374,202,24,50,83,111,9,24,2,99,21,49,20,182,1,0,1,9,89,23,18,76,8,400,102,0,34,0,25,58,7,1,4,23,20,9,39,67,7,13,0,0,0,18,0,9,126,9,191,3,0,0,33,9,327,2,1,14,19,3,47,0,6,2,47,0,41,1,19,7,0,10,28,182,4977,0,1,12,5,124,6,19,201,1,1,0,10,1,3,5,47,19,35,3,2,7,3,25,1,1,16,1,62,18,18,2,24,17,12,5,1,11,7,5,26,12,13,5,9,1,5,13,10,1,3,141,21,9,5,2,1
67,Leishmaniasis,21123,0,0,6,0,1,0,0,5,0,0,0,0,0,0,0,0,0,0,1,0,0,0,0,0,3,0,0,0,0,0,0,0,0,0,0,1,0,1,0,0,0,0,0,0,2,0,0,2,3,0,272,44,4,72,0,0,2,8,0,0,25,10,0,58,0,0,0,0,0,0,0,0,0,364,8,0,0,0,0,0,1,0,0,6,2,0,0,3,0,0,0,0,0,1,0,4,988,10,0,4,0,0,0,2,0,0,0,0,0,3,1,0,7,0,5,0,342,0,227,0,0,0,0,0,12095,0,0,2,0,0,0,28,659,0,0,0,0,0,0,0,876,43,2346,14,0,32,0,100,0,3,4,0,0,0,0,0,62,0,73,50,0,0,0,0,3,0,68,0,0,0,2042,0,0,0,123,1,1,0,0,0,0
68,Schizophrenia,18562,725,99,171,0,598,62,108,404,106,24,2,0,52,49,9,1,90,9,28,1,81,75,54,36,5,208,5,3,6,45,0,1,58,573,0,97,0,4,3,25,3,22,3,15,1,29,2,116,12,1,9166,155,11,14,78,71,3,66,16,89,61,11,0,88,0,0,1,4,35,10,10,81,2,519,13,0,9,1,5,30,2,1,1,6,2,3,15,6,3,8,0,0,0,5,0,6,38,16,28,69,0,0,332,3,83,6,2,2,1,16,170,0,16,0,16,1,10,0,16,8,0,8,127,198,1958,0,0,22,8,80,2,33,45,1,2,0,10,4,1,3,51,7,13,3,3,8,1,32,1,1,15,4,184,8,13,1,6,14,18,7,0,49,3,2,38,3,12,6,2,1,4,7,2,3,4,48,8,2,2,4,5
69,Leprosy,15933,1,0,1,1,0,1,0,1,25,0,0,0,0,1,1,0,0,0,0,0,0,0,0,0,0,0,0,0,2,0,0,0,12,1,1,0,0,0,0,0,0,0,0,2,2,29,0,17,4,0,1091,1,0,0,204,0,0,2,0,0,6,5,0,19,0,1,0,0,73,66,6,0,0,1480,37,1,0,0,0,0,0,7,0,3,0,21,0,20,0,11,0,0,0,0,1,0,322,0,0,0,0,0,0,0,0,1,3,6,0,0,0,1,0,2,35,0,130,0,0,0,1,95,60,884,8340,0,9,0,4,361,31,17,98,6,2,0,198,0,16,19,221,24,42,1,16,42,6,178,3,0,0,1,39,1,17,6,3,51,46,15,3,12,57,21,275,44,169,14,68,1,143,16,22,0,9,304,83,37,19,27,1
70,Chagas disease,7553,0,0,0,0,0,0,0,0,0,0,0,0,0,0,0,0,0,0,0,0,0,0,0,0,0,0,0,0,0,92,0,0,0,0,0,0,0,0,0,0,0,0,0,3,0,443,0,32,18,0,0,0,0,0,0,0,0,0,0,0,0,19,0,0,0,0,0,6,0,0,0,0,6,5351,234,0,0,0,0,0,0,0,0,0,0,29,0,897,18,0,0,0,0,17,0,0,0,0,0,0,0,0,0,0,0,0,0,387,0,0,0,0,0,0,0,0,0,0,0,0,0,0,0,0,0,0,0,0,0,0,0,0,0,0,0,0,0,0,0,0,0,0,0,0,0,0,0,0,0,0,0,0,0,0,0,0,0,0,0,0,0,0,0,0,0,0,0,0,0,0,0,0,0,0,0,0,0,0,0,0,0
71,Trypanosomiasis,5411,0,0,0,0,0,0,0,0,0,0,0,0,0,0,0,0,0,0,0,0,0,0,0,0,0,0,0,0,0,0,0,0,0,0,0,0,0,0,0,0,0,0,0,0,0,0,0,0,0,0,0,0,0,0,0,0,0,0,0,0,0,0,0,0,0,0,0,0,0,0,0,0,0,0,0,0,0,0,0,0,0,0,0,0,0,0,0,0,0,0,0,0,0,0,0,0,0,0,0,0,0,0,0,0,0,0,0,0,0,0,0,0,0,0,0,0,0,0,0,0,0,0,0,0,0,0,0,0,0,0,0,0,0,56,0,0,0,0,0,0,0,0,0,0,22,69,0,4,0,0,0,0,0,0,0,0,0,67,613,31,0,11,0,0,3466,0,0,0,0,0,64,26,0,0,0,0,77,297,0,383,0
72,Upper Respiratory,4517,183,10,34,5,45,12,25,23,45,6,0,0,25,5,3,11,30,1,30,1,1,34,10,14,2,130,1,0,4,4,23,0,7,164,0,0,0,11,0,9,6,1,0,5,0,8,0,105,10,0,370,12,1,9,31,4,1,3,3,8,10,6,0,10,0,0,1,2,19,6,3,0,2,181,22,0,2,0,1,3,1,2,0,3,1,2,2,3,2,2,0,0,0,20,0,2,53,2,20,11,0,0,22,1,66,1,0,4,3,3,6,0,4,0,20,0,16,0,6,1,0,7,62,79,774,0,1,1,11,54,13,30,98,1,0,0,18,0,5,3,120,17,35,6,3,20,3,52,1,1,4,1,15,14,22,8,38,38,48,12,2,12,17,12,172,28,57,25,43,0,13,31,43,1,35,249,39,30,16,13,2
73,Otitis Media,3969,12,1,7,0,14,8,7,16,3,1,0,0,3,3,2,1,8,0,4,0,0,14,1,2,2,16,1,0,1,1,3,0,9,45,0,3,0,1,0,9,3,1,1,1,1,8,0,29,1,0,230,24,1,10,21,1,1,2,0,8,5,6,0,16,0,0,0,1,7,3,3,3,1,99,10,0,1,0,3,2,0,0,1,11,1,2,1,4,1,2,0,0,0,1,0,1,51,0,8,1,0,0,8,1,34,1,0,2,3,0,14,0,3,0,11,0,13,0,6,1,0,9,47,89,990,0,1,2,17,39,6,50,120,2,0,0,55,0,3,5,188,29,72,8,7,27,3,95,1,2,4,1,17,18,13,2,52,151,74,26,1,14,10,5,216,27,67,31,21,3,34,22,28,1,34,243,30,26,10,17,1
74,Hepatitis C,3185,30,5,9,0,5,11,4,31,5,0,0,0,0,1,0,0,1,0,2,0,0,3,0,2,9,11,0,0,2,1,1,0,1,44,0,0,0,1,0,2,0,1,0,0,1,7,0,41,3,0,282,10,0,8,28,0,1,1,0,0,17,7,0,13,0,0,0,2,23,0,10,1,2,61,7,0,0,0,0,1,0,0,0,3,1,1,1,10,0,5,0,0,0,4,0,2,53,1,6,13,0,0,11,1,7,0,0,5,0,1,4,0,4,1,41,0,15,0,3,0,0,5,33,197,1128,0,0,3,7,37,11,21,104,0,0,0,8,0,2,2,56,6,9,3,1,8,3,28,0,1,11,0,6,9,31,3,5,14,22,8,1,2,12,8,27,21,24,8,14,0,8,28,15,0,8,223,46,16,14,3,0
75,Ascariasis,2938,0,0,0,0,0,0,0,0,0,0,0,0,0,0,0,0,0,0,0,0,0,0,0,0,0,0,0,0,0,0,0,0,1,0,0,0,0,1,0,0,0,0,0,0,0,3,0,7,3,0,90,7,0,4,12,0,0,1,0,0,3,7,0,16,0,0,0,1,4,1,3,0,3,14,23,0,0,0,0,0,0,0,0,3,1,1,0,22,1,0,0,0,0,48,0,1,21,0,0,0,0,0,5,0,0,0,0,4,0,3,8,0,4,0,8,0,5,0,1,0,0,1,68,40,455,0,0,1,18,38,3,18,105,1,0,0,16,1,4,10,107,24,30,2,4,9,1,36,1,0,3,0,15,5,15,5,154,143,22,11,1,13,23,6,152,12,41,26,17,3,5,78,5,2,17,709,49,19,20,8,2
76,Diphtheria,2778,0,0,0,0,0,0,0,0,0,0,0,0,0,0,0,0,0,0,0,0,0,0,0,0,0,0,0,0,0,0,0,0,0,1,0,0,0,0,0,0,0,0,0,0,0,1,0,1,0,0,0,2,0,1,2,0,0,0,0,0,1,1,0,1,0,0,0,0,1,0,0,0,0,2,0,0,0,0,0,0,0,0,0,0,0,0,0,0,0,1,0,0,0,1,0,0,2,0,4,3,0,0,1,0,4,0,0,1,0,0,1,0,1,0,3,0,1,0,3,0,0,1,17,20,104,0,0,0,1,3,2,8,41,0,0,0,2,0,3,3,90,9,41,0,1,2,2,8,0,1,1,0,8,7,3,2,113,19,11,3,0,4,8,3,72,5,11,2,13,2,133,18,27,0,53,1499,21,277,5,27,0
77,Iodine Deficiency,2088,0,0,0,0,1,0,0,1,0,0,0,0,0,0,0,0,0,0,0,0,0,0,0,0,1,2,0,0,0,0,1,0,0,2,0,0,0,0,0,9,0,1,0,0,1,4,0,3,1,0,132,12,0,6,6,2,1,1,0,0,8,3,0,4,0,0,0,1,17,3,4,0,2,11,0,0,0,0,0,1,1,0,0,1,1,1,0,1,1,3,0,0,0,1,0,2,17,1,0,16,0,0,10,1,1,0,0,2,0,0,6,0,4,0,12,0,4,0,8,0,0,4,14,44,494,0,0,2,6,17,12,18,99,2,0,0,20,0,1,3,122,19,73,4,4,14,5,37,0,2,5,1,13,14,18,4,26,82,15,10,3,5,14,10,70,60,31,9,29,1,31,35,24,1,35,102,27,21,9,10,1
78,Oral conditions,471,0,0,0,0,0,0,0,0,0,0,0,0,0,0,0,0,0,0,0,0,0,0,0,0,0,0,0,0,0,0,0,0,0,0,0,0,0,0,0,0,0,0,0,0,0,0,0,0,0,0,0,0,0,0,0,0,0,0,0,0,0,0,0,0,0,0,0,0,0,0,0,0,0,0,0,0,0,0,0,0,0,0,0,0,0,0,0,0,0,0,0,0,0,0,0,0,0,0,0,0,0,0,0,0,0,0,0,0,0,0,0,0,0,0,0,0,0,0,0,0,0,0,0,0,471,0,0,0,0,0,0,0,0,0,0,0,0,0,0,0,0,0,0,0,0,0,0,0,0,0,0,0,0,0,0,0,0,0,0,0,0,0,0,0,0,0,0,0,0,0,0,0,0,0,0,0,0,0,0,0,0
79,Chlamydia,173,4,0,0,0,1,0,0,1,1,0,0,0,0,0,0,0,0,0,0,0,0,1,0,0,0,1,0,0,0,0,0,0,1,3,0,0,0,0,0,0,0,0,0,0,0,1,0,3,0,0,10,1,0,0,1,0,0,0,0,0,1,1,0,0,0,0,0,0,2,0,0,0,0,5,1,0,0,0,0,0,0,0,0,0,0,0,0,0,0,0,0,0,0,0,0,0,6,0,0,0,0,0,0,0,4,0,0,1,0,0,0,0,0,0,0,0,1,0,0,0,0,0,1,2,33,0,0,0,0,5,0,4,4,0,0,0,2,0,0,0,10,1,1,0,0,1,0,4,0,0,0,0,2,1,3,0,1,3,4,1,0,2,0,0,4,2,3,1,1,0,1,1,1,0,1,9,2,1,1,1,0
80,Trichuriasis,0,0,0,0,0,0,0,0,0,0,0,0,0,0,0,0,0,0,0,0,0,0,0,0,0,0,0,0,0,0,0,0,0,0,0,0,0,0,0,0,0,0,0,0,0,0,0,0,0,0,0,0,0,0,0,0,0,0,0,0,0,0,0,0,0,0,0,0,0,0,0,0,0,0,0,0,0,0,0,0,0,0,0,0,0,0,0,0,0,0,0,0,0,0,0,0,0,0,0,0,0,0,0,0,0,0,0,0,0,0,0,0,0,0,0,0,0,0,0,0,0,0,0,0,0,0,0,0,0,0,0,0,0,0,0,0,0,0,0,0,0,0,0,0,0,0,0,0,0,0,0,0,0,0,0,0,0,0,0,0,0,0,0,0,0,0,0,0,0,0,0,0,0,0,0,0,0,0,0,0,0,0
81,Hookworm Disease,0,0,0,0,0,0,0,0,0,0,0,0,0,0,0,0,0,0,0,0,0,0,0,0,0,0,0,0,0,0,0,0,0,0,0,0,0,0,0,0,0,0,0,0,0,0,0,0,0,0,0,0,0,0,0,0,0,0,0,0,0,0,0,0,0,0,0,0,0,0,0,0,0,0,0,0,0,0,0,0,0,0,0,0,0,0,0,0,0,0,0,0,0,0,0,0,0,0,0,0,0,0,0,0,0,0,0,0,0,0,0,0,0,0,0,0,0,0,0,0,0,0,0,0,0,0,0,0,0,0,0,0,0,0,0,0,0,0,0,0,0,0,0,0,0,0,0,0,0,0,0,0,0,0,0,0,0,0,0,0,0,0,0,0,0,0,0,0,0,0,0,0,0,0,0,0,0,0,0,0,0,0
82,Vitamin A Deficiency,0,0,0,0,0,0,0,0,0,0,0,0,0,0,0,0,0,0,0,0,0,0,0,0,0,0,0,0,0,0,0,0,0,0,0,0,0,0,0,0,0,0,0,0,0,0,0,0,0,0,0,0,0,0,0,0,0,0,0,0,0,0,0,0,0,0,0,0,0,0,0,0,0,0,0,0,0,0,0,0,0,0,0,0,0,0,0,0,0,0,0,0,0,0,0,0,0,0,0,0,0,0,0,0,0,0,0,0,0,0,0,0,0,0,0,0,0,0,0,0,0,0,0,0,0,0,0,0,0,0,0,0,0,0,0,0,0,0,0,0,0,0,0,0,0,0,0,0,0,0,0,0,0,0,0,0,0,0,0,0,0,0,0,0,0,0,0,0,0,0,0,0,0,0,0,0,0,0,0,0,0,0
83,Depression,0,0,0,0,0,0,0,0,0,0,0,0,0,0,0,0,0,0,0,0,0,0,0,0,0,0,0,0,0,0,0,0,0,0,0,0,0,0,0,0,0,0,0,0,0,0,0,0,0,0,0,0,0,0,0,0,0,0,0,0,0,0,0,0,0,0,0,0,0,0,0,0,0,0,0,0,0,0,0,0,0,0,0,0,0,0,0,0,0,0,0,0,0,0,0,0,0,0,0,0,0,0,0,0,0,0,0,0,0,0,0,0,0,0,0,0,0,0,0,0,0,0,0,0,0,0,0,0,0,0,0,0,0,0,0,0,0,0,0,0,0,0,0,0,0,0,0,0,0,0,0,0,0,0,0,0,0,0,0,0,0,0,0,0,0,0,0,0,0,0,0,0,0,0,0,0,0,0,0,0,0,0
84,Prostatic Hypertrophy,0,0,0,0,0,0,0,0,0,0,0,0,0,0,0,0,0,0,0,0,0,0,0,0,0,0,0,0,0,0,0,0,0,0,0,0,0,0,0,0,0,0,0,0,0,0,0,0,0,0,0,0,0,0,0,0,0,0,0,0,0,0,0,0,0,0,0,0,0,0,0,0,0,0,0,0,0,0,0,0,0,0,0,0,0,0,0,0,0,0,0,0,0,0,0,0,0,0,0,0,0,0,0,0,0,0,0,0,0,0,0,0,0,0,0,0,0,0,0,0,0,0,0,0,0,0,0,0,0,0,0,0,0,0,0,0,0,0,0,0,0,0,0,0,0,0,0,0,0,0,0,0,0,0,0,0,0,0,0,0,0,0,0,0,0,0,0,0,0,0,0,0,0,0,0,0,0,0,0,0,0,0
85,Osteoarthritis,0,0,0,0,0,0,0,0,0,0,0,0,0,0,0,0,0,0,0,0,0,0,0,0,0,0,0,0,0,0,0,0,0,0,0,0,0,0,0,0,0,0,0,0,0,0,0,0,0,0,0,0,0,0,0,0,0,0,0,0,0,0,0,0,0,0,0,0,0,0,0,0,0,0,0,0,0,0,0,0,0,0,0,0,0,0,0,0,0,0,0,0,0,0,0,0,0,0,0,0,0,0,0,0,0,0,0,0,0,0,0,0,0,0,0,0,0,0,0,0,0,0,0,0,0,0,0,0,0,0,0,0,0,0,0,0,0,0,0,0,0,0,0,0,0,0,0,0,0,0,0,0,0,0,0,0,0,0,0,0,0,0,0,0,0,0,0,0,0,0,0,0,0,0,0,0,0,0,0,0,0,0
